1.43093801
-0.78957270
-0.05842078
0.23417431
-1.03744044
-0.63955637
0.56607915
-0.33783749
-1.29768624
-0.66170447
-2.27605100
-0.80473935
0.81224043
0.56808407
-0.63856010
1.38580430
0.61223893
-1.28365304
0.78187673
-1.66130384
0.95237745
-1.68321427
0.53345651
-2.39589380
0.76290903
0.85057155
1.42888674
-0.53794341
1.61142828
1.31090165
-2.12481504
-0.83205352
-0.81952367
-0.28725063
0.39071560
-1.86774714
3.42814767
2.39516247
2.39936319
-1.20157067
-1.46828852
5.95744291
3.17584995
2.79074337
0.06216134
-1.29186686
-3.19658871
-0.58576175
1.18867200
-2.35816420
