-0.62202960
-0.66144717
0.16439201
1.74904883
1.41052437
1.94921947
-2.35940623
-2.96895671
-1.69953787
1.35084784
-1.12649381
0.95344663
0.67636496
-1.61229694
-1.58223629
1.12979579
-1.06128621
0.52550149
-1.04903424
0.29862505
-0.37351233
0.42739815
-0.32586855
-0.02834701
-0.61321801
-0.29919562
-1.24375427
-1.25227666
-1.93600500
0.05283866
0.60584146
0.39040661
1.04413784
-1.03345835
1.20500338
0.43071091
-0.07631983
-0.28954560
1.03632653
1.79965532
0.14894399
-0.39434248
1.49836290
-0.41271949
0.45206100
0.08215376
-0.03632544
0.83464271
0.15120228
1.04587257
0.95384330
-0.06199650
-0.52931428
-0.10875828
-0.31034756
-0.13390876
0.54082930
-0.34545365
-0.10142122
-0.01244104
-0.75165653
-0.72299892
0.46610168
1.18634999
0.74824703
-0.00744900
0.58223504
-0.42800322
-0.27767867
0.30081081
0.00889535
-0.32627109
-0.32668611
-0.11275111
0.16639931
0.44274548
-0.08905949
-0.18384519
-0.24836718
0.36688292
0.19528204
-0.36899561
0.13708343
-0.10219166
-0.21330909
0.35175082
0.39673978
0.17316940
0.49652272
-0.29900625
-0.12672845
-0.31718311
-0.21724311
-0.09191789
-0.01257511
-0.25621277
-0.44896546
0.19693784
0.00116185
0.30948469
